[[12 10]
 [ 5 18]]

              precision    recall  f1-score   support

           0     0.7059    0.5455    0.6154        22
           1     0.6429    0.7826    0.7059        23

    accuracy                         0.6667        45
   macro avg     0.6744    0.6640    0.6606        45
weighted avg     0.6737    0.6667    0.6616        45

Training loss: [0.6059582233428955, 0.43055927753448486, 0.36736997961997986, 0.32437384128570557, 0.28341713547706604, 0.2447744458913803, 0.21157333254814148, 0.18199408054351807, 0.15539631247520447, 0.1317397505044937, 0.11103761196136475, 0.09301309287548065, 0.0778220072388649, 0.0652884989976883, 0.05486460402607918, 0.046219926327466965, 0.03918169438838959, 0.03331146016716957, 0.028529150411486626, 0.024660419672727585, 0.021436553448438644, 0.018783176317811012]
Validation loss: [0.4881514012813568, 0.47317633032798767, 0.5008790493011475, 0.5236408710479736, 0.5343698263168335, 0.5458513498306274, 0.5651565790176392, 0.5916527509689331, 0.6236609816551208, 0.6576812267303467, 0.692048966884613, 0.7273536324501038, 0.7650946974754333, 0.8028117418289185, 0.8407545685768127, 0.8791875243186951, 0.9165089726448059, 0.9539153575897217, 0.990142822265625, 1.023421049118042, 1.0539568662643433, 1.0834511518478394]