[[12 10]
 [ 4 19]]

              precision    recall  f1-score   support

           0     0.7500    0.5455    0.6316        22
           1     0.6552    0.8261    0.7308        23

    accuracy                         0.6889        45
   macro avg     0.7026    0.6858    0.6812        45
weighted avg     0.7015    0.6889    0.6823        45

Training loss: [0.6804323196411133, 0.5466391444206238, 0.47201067209243774, 0.41591140627861023, 0.3688108026981354, 0.3249533176422119, 0.2826322615146637, 0.24240896105766296, 0.20564144849777222, 0.17160353064537048, 0.14081795513629913, 0.11294300854206085, 0.08831049501895905, 0.06799467653036118, 0.05210467800498009, 0.0399412140250206, 0.03070647269487381, 0.023736773058772087, 0.018271243199706078, 0.014038193970918655, 0.010942673310637474, 0.00867280550301075, 0.007002375554293394, 0.005728365853428841]
Validation loss: [0.5531185269355774, 0.5061653852462769, 0.4858852028846741, 0.48467767238616943, 0.4935298562049866, 0.5085001587867737, 0.5238034129142761, 0.5385093688964844, 0.5564066767692566, 0.5817093253135681, 0.6107763051986694, 0.6408617496490479, 0.6749994158744812, 0.7133256793022156, 0.7545788884162903, 0.7962822914123535, 0.8380054831504822, 0.8795819878578186, 0.9215363264083862, 0.9604743123054504, 0.9962068200111389, 1.0283207893371582, 1.0572534799575806, 1.0833165645599365]