[[ 8  2]
 [ 2 11]]

              precision    recall  f1-score   support

           0     0.8000    0.8000    0.8000        10
           1     0.8462    0.8462    0.8462        13

    accuracy                         0.8261        23
   macro avg     0.8231    0.8231    0.8231        23
weighted avg     0.8261    0.8261    0.8261        23

Training loss: [0.6930994944221636, 0.6924219859818803, 0.6906185569937449, 0.6870962013018975, 0.6823357661869229, 0.6775086521224383, 0.6721429072947456, 0.6658466614674018, 0.6595628447862184, 0.651680812108741, 0.6433304319767661, 0.633193956769313, 0.6225980854558032, 0.6104791701572264, 0.5970499449064498, 0.583279303070043]
Validation loss: [0.693010189747103, 0.6926096859584802, 0.691377944387984, 0.6886348093213492, 0.6856870591575652, 0.6821878284739041, 0.6787136195842024, 0.6762490752435167, 0.6729369175389792, 0.6714701490451487, 0.6709795711260221, 0.6704118823970319, 0.6725099077357178, 0.6727954162642632, 0.6715317190384988, 0.6753902812073806]