[[ 4  6]
 [ 3 10]]

              precision    recall  f1-score   support

           0     0.5714    0.4000    0.4706        10
           1     0.6250    0.7692    0.6897        13

    accuracy                         0.6087        23
   macro avg     0.5982    0.5846    0.5801        23
weighted avg     0.6017    0.6087    0.5944        23

Training loss: [0.6931466972223767, 0.6931220411709739, 0.6925863899068347, 0.6897314266594622, 0.68612041697179, 0.6800209728275446, 0.6705502819484042, 0.6615146667955837, 0.6506077561759708, 0.6398421166442928, 0.6278219556701053, 0.6156137318801976, 0.6012827772581308, 0.5866815394316812, 0.5719814544712006, 0.5554166004596771, 0.5381539851643649, 0.5199737878712433, 0.5041180188043394, 0.48687220649206575, 0.4708936272885519, 0.4563409369536454, 0.4361706693065823, 0.42028402620629735, 0.40218858801012997, 0.38579850070150096, 0.36912217037265194]
Validation loss: [0.693151005791258, 0.693034941265446, 0.6923499434474173, 0.6907184308567583, 0.686400940290077, 0.680292645996934, 0.6697998355292548, 0.6647362647396533, 0.6562606379428683, 0.6532822366545876, 0.6465934633677635, 0.6447373657468873, 0.6376648677232958, 0.6353653176477764, 0.6348731041817611, 0.6362381233459199, 0.6325897695319213, 0.6166383563701454, 0.6237205494607422, 0.6270222784214293, 0.6191544402073839, 0.6303672881615131, 0.6053850529021566, 0.6292997319082484, 0.6125066612297426, 0.6226480908747211, 0.6251296055383092]