[[ 6  4]
 [ 3 10]]

              precision    recall  f1-score   support

           0     0.6667    0.6000    0.6316        10
           1     0.7143    0.7692    0.7407        13

    accuracy                         0.6957        23
   macro avg     0.6905    0.6846    0.6862        23
weighted avg     0.6936    0.6957    0.6933        23

Training loss: [0.7430665622876343, 0.7425615511127024, 0.7420861701059608, 0.7416475997956772, 0.7412068327711947]
Validation loss: [0.6447109959342263, 0.6449830423701893, 0.6453561782836914, 0.6457879380746321, 0.646215406331149]